Camera 3

mtx: [[2.47175194e+03 0.00000000e+00 9.87567942e+02]
 [0.00000000e+00 2.52248797e+03 3.96031183e+02]
 [0.00000000e+00 0.00000000e+00 1.00000000e+00]]
dist: [[-0.61248404  2.42300469  0.02044305 -0.00857396 -6.53347911]]
Camera 4

mtx: [[2.09523818e+03 0.00000000e+00 1.00200276e+03]
 [0.00000000e+00 2.10781551e+03 6.88868622e+02]
 [0.00000000e+00 0.00000000e+00 1.00000000e+00]]
dist: [[-0.34597631  0.32654649  0.00110021 -0.01028853 -0.78266976]]
Camera 2

mtx: [[5.78873963e+03 0.00000000e+00 9.81266182e+02]
 [0.00000000e+00 4.42585643e+03 5.42123471e+02]
 [0.00000000e+00 0.00000000e+00 1.00000000e+00]]
dist: [[-4.10005425e+00  7.41349564e-01 -2.91845406e-01 -3.91514276e-02
   3.42544900e+02]]
